[ [ [ [ 0, 0, 0, 0, 0, 0, 0, 0, 0, 0, 0, 0, 0, 0, 0, 0, 0, 0, 0, 0, 0, 0, 0, 0, 0, 0, 0, 0, 0, 0, 0, 0, 0, 0, 0, 0, 
              0, 0, 0, 0, 0, 0, 0, 0, 0, 0, 0, 0, 0, 0, 0, 0, 0, 0, 0, 0, 0, 0, 0, 0, 0, 0, 0, 0, 0, 0, 0, 0, 0, 0, 
              0, 0, 0, 0, 0, 0, 0, 0, 0, 0, 0, 0, 0, 0, 0, 0, 0, 0, 0, 0, 0, 0, 0, 0, 0, 0, 0, 0, 0, 0 ], 
          [ 0, 0, 0, 0, 0, 0, 0, 0, 0, 0, 0, 0, 0, 0, 0, 0, 0, 0, 0, 0, 0, 0, 0, 0, 0, 0, 0, 0, 0, 0, 0, 0, 
              0, 0, 0, 0, 0, 0, 0, 0, 0, 0, 0, 0, 0, 0, 0, 0, 0, 0, 0, 0, 0, 0, 0, 0, 0, 0, 0, 0, 0, 0, 0, 0, 0, 0, 
              0, 0, 0, 0, 0, 0, 0, 0, 0, 0, 0, 0, 0, 0, 0, 0, 0, 0, 0, 0, 0, 0, 0, 0, 0, 0, 0, 0, 0, 0, 0, 0, 0, 0 ], 
          [ 0, 0, 0, 0, 0, 0, 0, 0, 0, 0, 0, 0, 0, 0, 0, 0, 0, 0, 0, 0, 0, 0, 0, 0, 0, 0, 0, 0, 0, 0, 0, 0, 0, 0, 0, 
              0, 0, 0, 0, 0, 0, 0, 0, 0, 0, 0, 0, 0, 0, 0, 0, 0, 0, 0, 0, 0, 0, 0, 0, 0, 0, 0, 0, 0, 0, 0, 0, 0, 0, 
              0, 0, 0, 0, 0, 0, 0, 0, 0, 0, 0, 0, 0, 0, 0, 0, 0, 0, 0, 0, 0, 0, 0, 0, 0, 0, 0, 0, 0, 0, 0 ], 
          [ 0, 0, 0, 0, 0, 0, 0, 0, 0, 0, 0, 0, 0, 0, 0, 0, 0, 0, 0, 0, 0, 0, 0, 0, 0, 0, 0, 0, 0, 0, 0, 0, 
              0, 0, 0, 0, 0, 0, 0, 0, 0, 0, 0, 0, 0, 0, 0, 0, 0, 0, 0, 0, 0, 0, 0, 0, 0, 0, 0, 0, 0, 0, 0, 0, 0, 0, 
              0, 0, 0, 0, 0, 0, 0, 0, 0, 0, 0, 0, 0, 0, 0, 0, 0, 0, 0, 0, 0, 0, 0, 0, 0, 0, 0, 0, 0, 0, 0, 0, 0, 0 ], 
          [ 0, 0, 0, 0, 0, 0, 0, 0, 0, 0, 0, 0, 0, 0, 0, 0, 0, 0, 0, 0, 0, 0, 0, 0, 0, 0, 0, 0, 0, 0, 0, 0, 0, 0, 0, 
              0, 0, 0, 0, 0, 0, 0, 0, 0, 0, 0, 0, 0, 0, 0, 0, 0, 0, 0, 0, 0, 0, 0, 0, 0, 0, 0, 0, 0, 0, 0, 0, 0, 15, 
              0, 0, 0, 0, 0, 0, 0, 0, 0, 0, 0, 0, 0, 0, 0, 0, 0, 0, 0, 0, 0, 0, 0, 0, 0, 0, 0, 0, 0, 0, 0 ] ], 
      [ [ 0, 0, 0, 0, 0, 0, 0, 0, 0, 0, 0, 0, 0, 0, 0, 0, 0, 0, 0, 0, 0, 0, 0, 0, 0, 0, 0, 0, 0, 0, 0, 0, 0, 
              0, 0, 0, 0, 0, 0, 0, 0, 0, 0, 0, 0, 0, 0, 0, 0, 0, 0, 0, 0, 0, 0, 0, 0, 0, 0, 0, 0, 0, 0, 0, 0, 0, 0, 
              0, 0, 0, 0, 0, 0, 0, 0, 0, 0, 0, 0, 0, 0, 0, 0, 0, 0, 0, 0, 0, 0, 0, 0, 0, 0, 0, 0, 0, 0, 0, 0, 0 ], 
          [ 0, 0, 0, 0, 0, 0, 0, 0, 0, 0, 0, 0, 0, 0, 0, 0, 0, 0, 0, 0, 0, 0, 0, 0, 0, 0, 0, 0, 0, 0, 0, 0, 0, 0, 0, 
              0, 0, 0, 0, 0, 0, 0, 0, 0, 0, 0, 0, 0, 0, 0, 0, 0, 0, 0, 0, 0, 0, 0, 0, 0, 0, 0, 0, 0, 0, 0, 0, 0, 0, 
              0, 0, 0, 0, 0, 0, 0, 0, 0, 0, 0, 0, 0, 0, 0, 0, 0, 0, 0, 0, 0, 0, 0, 0, 0, 0, 0, 0, 0, 0, 0 ], 
          [ 0, 0, 0, 0, 0, 0, 0, 0, 0, 0, 0, 0, 0, 0, 0, 0, 0, 0, 0, 0, 0, 0, 0, 0, 0, 0, 0, 0, 0, 0, 0, 0, 
              0, 0, 0, 0, 0, 0, 0, 0, 0, 0, 0, 0, 0, 0, 0, 0, 0, 0, 0, 0, 0, 0, 0, 0, 0, 0, 0, 0, 0, 0, 0, 0, 0, 0, 
              0, 0, 0, 0, 0, 0, 0, 0, 0, 0, 0, 0, 0, 0, 0, 0, 0, 0, 0, 0, 0, 0, 0, 0, 0, 0, 0, 0, 0, 0, 0, 0, 0, 0 ], 
          [ 0, 0, 0, 0, 0, 0, 0, 0, 0, 0, 0, 0, 0, 0, 0, 0, 0, 0, 0, 0, 0, 0, 0, 0, 0, 0, 0, 0, 0, 0, 0, 0, 0, 0, 0, 
              0, 0, 0, 0, 0, 0, 0, 0, 0, 0, 0, 0, 0, 0, 0, 0, 0, 0, 0, 0, 0, 0, 0, 0, 0, 0, 0, 0, 0, 0, 0, 0, 0, 0, 
              0, 0, 0, 0, 0, 0, 0, 0, 0, 0, 0, 0, 0, 0, 0, 0, 0, 0, 0, 0, 0, 0, 0, 0, 0, 0, 0, 0, 0, 0, 0 ], 
          [ 0, 0, 0, 0, 0, 0, 0, 0, 0, 0, 0, 0, 0, 0, 0, 0, 0, 0, 0, 0, 0, 0, 0, 0, 0, 0, 0, 0, 0, 0, 0, 0, 
              0, 0, 0, 0, 0, 0, 0, 0, 0, 0, 0, 0, 0, 0, 0, 0, 0, 0, 0, 0, 0, 0, 0, 0, 0, 0, 0, 0, 0, 0, 0, 0, 0, 0, 
              0, 0, 0, 0, 0, 0, 0, 0, 0, 0, 0, 0, 0, 0, 0, 0, 0, 0, 0, 0, 0, 0, 0, 0, 0, 0, 0, 0, 0, 0, 0, 0, 0, 0 ] ]
        , 
      [ [ 0, 63, 0, 62, 31, 47, 31, 31, 32, 0, 47, 46, 47, 0, 0, 32, 31, 0, 0, 78, 0, 0, 31, 15, 32, 0, 78, 0, 0, 
              110, 63, 16, 0, 0, 0, 78, 0, 0, 94, 0, 0, 32, 46, 16, 47, 47, 0, 0, 16, 16, 31, 16, 0, 0, 15, 0, 0, 47, 
              0, 31, 0, 16, 31, 16, 125, 47, 0, 0, 47, 31, 47, 16, 47, 0, 47, 0, 47, 31, 47, 31, 32, 31, 78, 31, 32, 
              15, 0, 0, 16, 47, 47, 31, 0, 125, 31, 16, 31, 63, 0, 15 ], 
          [ 0, 0, 78, 0, 16, 0, 188, 93, 109, 0, 110, 109, 125, 0, 47, 265, 16, 94, 15, 47, 141, 297, 0, 47, 109, 
              281, 0, 0, 0, 16, 62, 125, 0, 31, 0, 16, 141, 296, 0, 79, 0, 437, 125, 765, 16, 16, 281, 172, 47, 297, 
              94, 32, 15, 0, 110, 156, 62, 172, 0, 16, 0, 0, 16, 0, 93, 32, 78, 0, 15, 0, 47, 110, 359, 0, 78, 0, 15, 
              63, 0, 0, 125, 188, 547, 0, 78, 516, 0, 62, 78, 78, 47, 47, 0, 375, 406, 31, 0, 0, 16, 0 ], 
          [ 719, 0, 828, 0, 15, 0, 2641, 16, 16906, 6140, 0, 1985, 15, 266, 0, 578, 0, 750, 16, 0, 0, 1594, 4640, 
              141, 0, 15, 0, 11297, 0, 0, 156, 297, 0, 6266, 0, 3812, 1703, 157, 0, 15, 1219, 16, 0, 515, 1078, 16, 
              0, 4703, 375, 1656, 0, 0, 203, 0, 781, 16, 6312, 10969, 0, 485, 5203, 2062, 16, 1047, 0, 0, 0, 360, 15, 
              14907, 0, 265, 16, 16062, 469, 312, 188, 672, 1500, 6578, 16, 0, 0, 0, 1328, 0, 8281, 0, 16, 0, 11843, 
              219, 4969, 0, 3062, 7266, 2625, 16, 1578, 0 ], 
          [ 2031, 0, 1187, 20391, 1203, 16, 44390, 0, 0, 6359, 0, 0, 0, 16, 6297, 15, 6219, 16, 11593, 0, 16, 7250, 
              3469, 15, 2860, 375, 359, 266, 0, 15, 6532, 1765, 16, 0, 15, 1391, 0, 52609, 4390, 844, 5141, 2906, 
              437, 42235, 61562, 2625, 16, 0, 18516, 110, 0, 0, 15, 0, 0, 16, 156, 25750, 16, 2219, 4547, 15, 344, 
              891, 3187, 2016, 8968, 0, 18532, 3906, 2547, 15, 6422, 5781, 0, 2828, 77078, 110, 156, 16922, 141, 
              1250, 812, 0, 0, 15, 375, 2313, 594, 0, 15, 0, 27391, 0, 265, 1407, 125, 3140, 16, 0 ], 
          [ 0, 0, 36218, 0, 0, 37531, 0, 0, 15, 16, 2750, 0, 16, 0, 11828, 226375, 0, 0, 16, 7484, 0, 16, 2484, 
              80422, 60094, 295984, 118000, 65141, 19281, 1453, 119204, 48171, 44266, 0, 46969, 7890, 0, 16, 39734, 
              0, 78688, 0, 6359, 0, 453, 0, 8563, 1703, 0, 0, 0, 15, 0, 16, 20765, 0, 135922, 0, 0, 68641, 6656, 0, 
              56719, 5265, 12562, 0, 16, 12672, 48579, 4953, 0, 44109, 40609, 768641, 16, 4750, 0, 99406, 4844, 0, 
              15, 8422, 16, 0, 0, 0, 0, 0, 0, 36109, 1875, 16, 29984, 50219, 0, 15, 0, 43250, 0, 8579 ] ] ], 
  [ [ [ 0, 0, 0, 0, 0, 0, 0, 0, 0, 0, 0, 0, 0, 0, 0, 0, 0, 0, 0, 0, 0, 0, 0, 0, 0, 0, 0, 0, 0, 0, 0, 0, 0, 0, 
              0, 0, 0, 0, 0, 0, 0, 0, 0, 0, 0, 0, 0, 0, 0, 0, 0, 0, 0, 0, 0, 0, 0, 0, 0, 0, 0, 0, 0, 0, 0, 0, 0, 0, 
              0, 0, 0, 0, 0, 0, 0, 0, 0, 0, 0, 0, 0, 0, 0, 0, 0, 0, 0, 0, 0, 0, 0, 0, 0, 0, 0, 0, 0, 0, 0, 0 ], 
          [ 0, 0, 0, 0, 0, 0, 0, 0, 0, 0, 0, 0, 0, 0, 0, 0, 0, 0, 0, 0, 0, 0, 0, 0, 0, 0, 0, 0, 0, 0, 0, 0, 
              0, 0, 0, 0, 0, 0, 0, 0, 0, 0, 0, 0, 0, 0, 0, 0, 0, 0, 0, 0, 0, 0, 0, 0, 0, 0, 0, 0, 0, 0, 0, 0, 0, 0, 
              0, 0, 0, 0, 0, 0, 0, 0, 0, 0, 0, 0, 0, 0, 0, 0, 0, 0, 0, 0, 0, 0, 0, 0, 0, 0, 0, 0, 0, 0, 0, 0, 0, 0 ], 
          [ 0, 0, 0, 0, 0, 0, 0, 0, 0, 0, 0, 0, 0, 0, 0, 0, 0, 0, 0, 0, 0, 0, 0, 0, 0, 0, 0, 0, 0, 0, 0, 0, 0, 0, 0, 
              0, 0, 0, 0, 0, 0, 0, 0, 0, 0, 0, 0, 0, 0, 0, 0, 0, 0, 0, 0, 0, 0, 0, 0, 0, 0, 0, 0, 0, 0, 0, 0, 0, 0, 
              0, 0, 0, 0, 0, 0, 0, 0, 0, 0, 0, 0, 0, 0, 0, 0, 0, 0, 0, 0, 0, 0, 0, 0, 0, 0, 0, 0, 0, 0, 0 ], 
          [ 0, 0, 0, 0, 0, 0, 0, 0, 0, 0, 0, 0, 0, 0, 0, 0, 0, 0, 0, 0, 0, 0, 0, 0, 0, 0, 0, 0, 0, 0, 0, 0, 
              0, 0, 0, 0, 0, 0, 0, 0, 0, 0, 0, 0, 0, 0, 0, 0, 0, 0, 0, 0, 0, 0, 0, 0, 0, 0, 0, 0, 0, 0, 0, 0, 0, 0, 
              0, 0, 0, 0, 0, 0, 0, 0, 0, 0, 0, 0, 0, 0, 0, 0, 0, 0, 0, 0, 0, 0, 0, 0, 0, 0, 0, 0, 0, 0, 0, 0, 0, 0 ], 
          [ 0, 0, 0, 0, 0, 0, 0, 0, 0, 0, 0, 0, 0, 0, 0, 0, 0, 0, 0, 0, 0, 0, 0, 0, 0, 0, 0, 0, 0, 0, 0, 0, 0, 0, 0, 
              0, 0, 0, 0, 0, 0, 0, 0, 0, 0, 0, 0, 0, 0, 0, 0, 0, 0, 0, 0, 0, 0, 0, 0, 0, 0, 0, 0, 0, 0, 0, 0, 0, 15, 
              0, 0, 0, 0, 0, 0, 0, 0, 0, 0, 0, 0, 0, 0, 0, 0, 0, 0, 0, 0, 0, 0, 0, 0, 0, 0, 0, 0, 0, 0, 0 ] ], 
      [ [ 0, 0, 0, 0, 0, 0, 0, 0, 0, 0, 0, 0, 0, 0, 0, 0, 0, 0, 0, 0, 0, 0, 0, 0, 0, 0, 0, 0, 0, 0, 0, 0, 0, 
              0, 0, 0, 0, 0, 0, 0, 0, 0, 0, 0, 0, 0, 0, 0, 0, 0, 0, 0, 0, 0, 0, 0, 0, 0, 0, 0, 0, 0, 0, 0, 0, 0, 0, 
              0, 0, 0, 0, 0, 0, 0, 0, 0, 0, 0, 0, 0, 0, 0, 0, 0, 0, 0, 0, 0, 0, 0, 0, 0, 0, 0, 0, 0, 0, 0, 0, 0 ], 
          [ 0, 0, 0, 0, 0, 0, 0, 0, 0, 0, 0, 0, 0, 0, 0, 0, 0, 0, 0, 0, 0, 0, 0, 0, 0, 0, 0, 0, 0, 0, 0, 0, 0, 0, 0, 
              0, 0, 0, 0, 0, 0, 0, 0, 0, 0, 0, 0, 0, 0, 0, 0, 0, 0, 0, 0, 0, 0, 0, 0, 0, 0, 0, 0, 0, 0, 0, 0, 0, 0, 
              0, 0, 0, 0, 0, 0, 0, 0, 0, 0, 0, 0, 0, 0, 0, 0, 0, 0, 0, 0, 0, 0, 0, 0, 0, 0, 0, 0, 0, 0, 0 ], 
          [ 0, 0, 0, 0, 0, 0, 0, 0, 0, 0, 0, 0, 0, 0, 0, 0, 0, 0, 0, 0, 0, 0, 0, 0, 0, 0, 0, 0, 0, 0, 0, 0, 
              0, 0, 0, 0, 0, 0, 0, 0, 0, 0, 0, 0, 0, 0, 0, 0, 0, 0, 0, 0, 0, 0, 0, 0, 0, 0, 0, 0, 0, 0, 0, 0, 0, 0, 
              0, 0, 0, 0, 0, 0, 0, 0, 0, 0, 0, 0, 0, 0, 0, 0, 0, 0, 0, 0, 0, 0, 0, 0, 0, 0, 0, 0, 0, 0, 0, 0, 0, 0 ], 
          [ 0, 0, 0, 0, 0, 0, 0, 0, 0, 0, 0, 0, 0, 0, 0, 0, 0, 0, 0, 0, 0, 0, 0, 0, 0, 0, 0, 0, 0, 0, 0, 0, 0, 0, 0, 
              0, 0, 0, 0, 0, 0, 0, 0, 0, 0, 0, 0, 0, 0, 0, 0, 0, 0, 0, 0, 0, 0, 0, 0, 0, 0, 0, 0, 0, 0, 0, 0, 0, 0, 
              0, 0, 0, 0, 0, 0, 0, 0, 0, 0, 0, 0, 0, 0, 0, 0, 0, 0, 0, 0, 0, 0, 0, 0, 0, 0, 0, 0, 0, 0, 0 ], 
          [ 0, 0, 0, 0, 0, 0, 0, 0, 0, 0, 0, 0, 0, 0, 0, 0, 0, 0, 0, 0, 0, 0, 0, 0, 0, 0, 0, 0, 0, 0, 0, 0, 
              0, 0, 0, 0, 0, 0, 0, 0, 0, 0, 0, 0, 0, 0, 0, 0, 0, 0, 0, 0, 0, 0, 0, 0, 0, 0, 0, 0, 0, 0, 0, 0, 0, 0, 
              0, 0, 0, 0, 0, 0, 0, 0, 0, 0, 0, 0, 0, 0, 0, 0, 0, 0, 0, 0, 0, 0, 0, 0, 0, 0, 0, 0, 0, 0, 0, 0, 0, 0 ] ]
        , 
      [ [ 0, 63, 0, 62, 31, 47, 31, 31, 32, 0, 47, 46, 47, 0, 0, 32, 31, 0, 0, 78, 0, 0, 31, 15, 32, 0, 78, 0, 0, 
              110, 63, 16, 0, 0, 0, 78, 0, 0, 94, 0, 0, 32, 46, 16, 47, 47, 0, 0, 16, 16, 31, 16, 0, 0, 15, 0, 0, 47, 
              0, 31, 0, 16, 31, 16, 125, 47, 0, 0, 47, 31, 47, 16, 47, 0, 47, 0, 47, 31, 47, 31, 32, 31, 78, 31, 32, 
              15, 0, 0, 16, 47, 47, 31, 0, 125, 31, 16, 31, 63, 0, 15 ], 
          [ 0, 0, 78, 0, 16, 0, 188, 93, 109, 0, 110, 109, 125, 0, 47, 265, 16, 94, 15, 47, 141, 297, 0, 47, 109, 
              281, 0, 0, 0, 16, 62, 125, 0, 31, 0, 16, 141, 296, 0, 79, 0, 437, 125, 765, 16, 16, 281, 172, 47, 297, 
              94, 32, 15, 0, 110, 156, 62, 172, 0, 16, 0, 0, 16, 0, 93, 32, 78, 0, 15, 0, 47, 110, 359, 0, 78, 0, 15, 
              63, 0, 0, 125, 188, 547, 0, 78, 516, 0, 62, 78, 78, 47, 47, 0, 375, 406, 31, 0, 0, 16, 0 ], 
          [ 719, 0, 828, 0, 15, 0, 2641, 16, 16906, 6140, 0, 1985, 15, 266, 0, 578, 0, 750, 16, 0, 0, 1594, 4640, 
              141, 0, 15, 0, 11297, 0, 0, 156, 297, 0, 6266, 0, 3812, 1703, 157, 0, 15, 1219, 16, 0, 515, 1078, 16, 
              0, 4703, 375, 1656, 0, 0, 203, 0, 781, 16, 6312, 10969, 0, 485, 5203, 2062, 16, 1047, 0, 0, 0, 360, 15, 
              14907, 0, 265, 16, 16062, 469, 312, 188, 672, 1500, 6578, 16, 0, 0, 0, 1328, 0, 8281, 0, 16, 0, 11843, 
              219, 4969, 0, 3062, 7266, 2625, 16, 1578, 0 ], 
          [ 2031, 0, 1187, 20391, 1203, 16, 44390, 0, 0, 6359, 0, 0, 0, 16, 6297, 15, 6219, 16, 11593, 0, 16, 7250, 
              3469, 15, 2860, 375, 359, 266, 0, 15, 6532, 1765, 16, 0, 15, 1391, 0, 52609, 4390, 844, 5141, 2906, 
              437, 42235, 61562, 2625, 16, 0, 18516, 110, 0, 0, 15, 0, 0, 16, 156, 25750, 16, 2219, 4547, 15, 344, 
              891, 3187, 2016, 8968, 0, 18532, 3906, 2547, 15, 6422, 5781, 0, 2828, 77078, 110, 156, 16922, 141, 
              1250, 812, 0, 0, 15, 375, 2313, 594, 0, 15, 0, 27391, 0, 265, 1407, 125, 3140, 16, 0 ], 
          [ 0, 0, 36218, 0, 0, 37531, 0, 0, 15, 16, 2750, 0, 16, 0, 11828, 226375, 0, 0, 16, 7484, 0, 16, 2484, 
              80422, 60094, 295984, 118000, 65141, 19281, 1453, 119204, 48171, 44266, 0, 46969, 7890, 0, 16, 39734, 
              0, 78688, 0, 6359, 0, 453, 0, 8563, 1703, 0, 0, 0, 15, 0, 16, 20765, 0, 135922, 0, 0, 68641, 6656, 0, 
              56719, 5265, 12562, 0, 16, 12672, 48579, 4953, 0, 44109, 40609, 768641, 16, 4750, 0, 99406, 4844, 0, 
              15, 8422, 16, 0, 0, 0, 0, 0, 0, 36109, 1875, 16, 29984, 50219, 0, 15, 0, 43250, 0, 8579 ] ] ], 
  [ [ [ 0, 0, 0, 0, 0, 0, 0, 0, 0, 0, 0, 0, 0, 0, 0, 0, 0, 0, 0, 0, 0, 0, 0, 0, 0, 0, 0, 0, 0, 0, 0, 0, 0, 0, 
              0, 0, 0, 0, 0, 0, 0, 0, 0, 0, 0, 0, 0, 0, 0, 0, 0, 0, 0, 0, 0, 0, 0, 0, 0, 0, 0, 0, 0, 0, 0, 0, 0, 0, 
              0, 0, 0, 0, 0, 0, 0, 0, 0, 0, 0, 0, 0, 0, 0, 0, 0, 0, 0, 0, 0, 0, 0, 0, 0, 0, 0, 0, 0, 0, 0, 0 ], 
          [ 0, 0, 0, 0, 0, 0, 0, 0, 0, 0, 0, 0, 0, 0, 0, 0, 0, 0, 0, 0, 0, 0, 0, 0, 0, 0, 0, 0, 0, 0, 0, 0, 
              0, 0, 0, 0, 0, 0, 0, 0, 0, 0, 0, 0, 0, 0, 0, 0, 0, 0, 0, 0, 0, 0, 0, 0, 0, 0, 0, 0, 0, 0, 0, 0, 0, 0, 
              0, 0, 0, 0, 0, 0, 0, 0, 0, 0, 0, 0, 0, 0, 0, 0, 0, 0, 0, 0, 0, 0, 0, 0, 0, 0, 0, 0, 0, 0, 0, 0, 0, 0 ], 
          [ 0, 0, 0, 0, 0, 0, 0, 0, 0, 0, 0, 0, 0, 0, 0, 0, 0, 0, 0, 0, 0, 0, 0, 0, 0, 0, 0, 0, 0, 0, 0, 0, 0, 0, 0, 
              0, 0, 0, 0, 0, 0, 0, 0, 0, 0, 0, 0, 0, 0, 0, 0, 0, 0, 0, 0, 0, 0, 0, 0, 0, 0, 0, 0, 0, 0, 0, 0, 0, 0, 
              0, 0, 0, 0, 0, 0, 0, 0, 0, 0, 0, 0, 0, 0, 0, 0, 0, 0, 0, 0, 0, 0, 0, 0, 0, 0, 0, 0, 0, 0, 0 ], 
          [ 0, 0, 0, 0, 0, 0, 0, 0, 0, 0, 0, 0, 0, 0, 0, 0, 0, 0, 0, 0, 0, 0, 0, 0, 0, 0, 0, 0, 0, 0, 0, 0, 
              0, 0, 0, 0, 0, 0, 0, 0, 0, 0, 0, 0, 0, 0, 0, 0, 0, 0, 0, 0, 0, 0, 0, 0, 0, 0, 0, 0, 0, 0, 0, 0, 0, 0, 
              0, 0, 0, 0, 0, 0, 0, 0, 0, 0, 0, 0, 0, 0, 0, 0, 0, 0, 0, 0, 0, 0, 0, 0, 0, 0, 0, 0, 0, 0, 0, 0, 0, 0 ], 
          [ 0, 0, 0, 0, 0, 0, 0, 0, 0, 0, 0, 0, 0, 0, 0, 0, 0, 0, 0, 0, 0, 0, 0, 0, 0, 0, 0, 0, 0, 0, 0, 0, 0, 0, 0, 
              0, 0, 0, 0, 0, 0, 0, 0, 0, 0, 0, 0, 0, 0, 0, 0, 0, 0, 0, 0, 0, 0, 0, 0, 0, 0, 0, 0, 0, 0, 0, 0, 0, 15, 
              0, 0, 0, 0, 0, 0, 0, 0, 0, 0, 0, 0, 0, 0, 0, 0, 0, 0, 0, 0, 0, 0, 0, 0, 0, 0, 0, 0, 0, 0, 0 ] ], 
      [ [ 0, 0, 0, 0, 0, 0, 0, 0, 0, 0, 0, 0, 0, 0, 0, 0, 0, 0, 0, 0, 0, 0, 0, 0, 0, 0, 0, 0, 0, 0, 0, 0, 0, 
              0, 0, 0, 0, 0, 0, 0, 0, 0, 0, 0, 0, 0, 0, 0, 0, 0, 0, 0, 0, 0, 0, 0, 0, 0, 0, 0, 0, 0, 0, 0, 0, 0, 0, 
              0, 0, 0, 0, 0, 0, 0, 0, 0, 0, 0, 0, 0, 0, 0, 0, 0, 0, 0, 0, 0, 0, 0, 0, 0, 0, 0, 0, 0, 0, 0, 0, 0 ], 
          [ 0, 0, 0, 0, 0, 0, 0, 0, 0, 0, 0, 0, 0, 0, 0, 0, 0, 0, 0, 0, 0, 0, 0, 0, 0, 0, 0, 0, 0, 0, 0, 0, 0, 0, 0, 
              0, 0, 0, 0, 0, 0, 0, 0, 0, 0, 0, 0, 0, 0, 0, 0, 0, 0, 0, 0, 0, 0, 0, 0, 0, 0, 0, 0, 0, 0, 0, 0, 0, 0, 
              0, 0, 0, 0, 0, 0, 0, 0, 0, 0, 0, 0, 0, 0, 0, 0, 0, 0, 0, 0, 0, 0, 0, 0, 0, 0, 0, 0, 0, 0, 0 ], 
          [ 0, 0, 0, 0, 0, 0, 0, 0, 0, 0, 0, 0, 0, 0, 0, 0, 0, 0, 0, 0, 0, 0, 0, 0, 0, 0, 0, 0, 0, 0, 0, 0, 
              0, 0, 0, 0, 0, 0, 0, 0, 0, 0, 0, 0, 0, 0, 0, 0, 0, 0, 0, 0, 0, 0, 0, 0, 0, 0, 0, 0, 0, 0, 0, 0, 0, 0, 
              0, 0, 0, 0, 0, 0, 0, 0, 0, 0, 0, 0, 0, 0, 0, 0, 0, 0, 0, 0, 0, 0, 0, 0, 0, 0, 0, 0, 0, 0, 0, 0, 0, 0 ], 
          [ 0, 0, 0, 0, 0, 0, 0, 0, 0, 0, 0, 0, 0, 0, 0, 0, 0, 0, 0, 0, 0, 0, 0, 0, 0, 0, 0, 0, 0, 0, 0, 0, 0, 0, 0, 
              0, 0, 0, 0, 0, 0, 0, 0, 0, 0, 0, 0, 0, 0, 0, 0, 0, 0, 0, 0, 0, 0, 0, 0, 0, 0, 0, 0, 0, 0, 0, 0, 0, 0, 
              0, 0, 0, 0, 0, 0, 0, 0, 0, 0, 0, 0, 0, 0, 0, 0, 0, 0, 0, 0, 0, 0, 0, 0, 0, 0, 0, 0, 0, 0, 0 ], 
          [ 0, 0, 0, 0, 0, 0, 0, 0, 0, 0, 0, 0, 0, 0, 0, 0, 0, 0, 0, 0, 0, 0, 0, 0, 0, 0, 0, 0, 0, 0, 0, 0, 
              0, 0, 0, 0, 0, 0, 0, 0, 0, 0, 0, 0, 0, 0, 0, 0, 0, 0, 0, 0, 0, 0, 0, 0, 0, 0, 0, 0, 0, 0, 0, 0, 0, 0, 
              0, 0, 0, 0, 0, 0, 0, 0, 0, 0, 0, 0, 0, 0, 0, 0, 0, 0, 0, 0, 0, 0, 0, 0, 0, 0, 0, 0, 0, 0, 0, 0, 0, 0 ] ]
        , 
      [ [ 0, 63, 0, 62, 31, 47, 31, 31, 32, 0, 47, 46, 47, 0, 0, 32, 31, 0, 0, 78, 0, 0, 31, 15, 32, 0, 78, 0, 0, 
              110, 63, 16, 0, 0, 0, 78, 0, 0, 94, 0, 0, 32, 46, 16, 47, 47, 0, 0, 16, 16, 31, 16, 0, 0, 15, 0, 0, 47, 
              0, 31, 0, 16, 31, 16, 125, 47, 0, 0, 47, 31, 47, 16, 47, 0, 47, 0, 47, 31, 47, 31, 32, 31, 78, 31, 32, 
              15, 0, 0, 16, 47, 47, 31, 0, 125, 31, 16, 31, 63, 0, 15 ], 
          [ 0, 0, 78, 0, 16, 0, 188, 93, 109, 0, 110, 109, 125, 0, 47, 265, 16, 94, 15, 47, 141, 297, 0, 47, 109, 
              281, 0, 0, 0, 16, 62, 125, 0, 31, 0, 16, 141, 296, 0, 79, 0, 437, 125, 765, 16, 16, 281, 172, 47, 297, 
              94, 32, 15, 0, 110, 156, 62, 172, 0, 16, 0, 0, 16, 0, 93, 32, 78, 0, 15, 0, 47, 110, 359, 0, 78, 0, 15, 
              63, 0, 0, 125, 188, 547, 0, 78, 516, 0, 62, 78, 78, 47, 47, 0, 375, 406, 31, 0, 0, 16, 0 ], 
          [ 719, 0, 828, 0, 15, 0, 2641, 16, 16906, 6140, 0, 1985, 15, 266, 0, 578, 0, 750, 16, 0, 0, 1594, 4640, 
              141, 0, 15, 0, 11297, 0, 0, 156, 297, 0, 6266, 0, 3812, 1703, 157, 0, 15, 1219, 16, 0, 515, 1078, 16, 
              0, 4703, 375, 1656, 0, 0, 203, 0, 781, 16, 6312, 10969, 0, 485, 5203, 2062, 16, 1047, 0, 0, 0, 360, 15, 
              14907, 0, 265, 16, 16062, 469, 312, 188, 672, 1500, 6578, 16, 0, 0, 0, 1328, 0, 8281, 0, 16, 0, 11843, 
              219, 4969, 0, 3062, 7266, 2625, 16, 1578, 0 ], 
          [ 2031, 0, 1187, 20391, 1203, 16, 44390, 0, 0, 6359, 0, 0, 0, 16, 6297, 15, 6219, 16, 11593, 0, 16, 7250, 
              3469, 15, 2860, 375, 359, 266, 0, 15, 6532, 1765, 16, 0, 15, 1391, 0, 52609, 4390, 844, 5141, 2906, 
              437, 42235, 61562, 2625, 16, 0, 18516, 110, 0, 0, 15, 0, 0, 16, 156, 25750, 16, 2219, 4547, 15, 344, 
              891, 3187, 2016, 8968, 0, 18532, 3906, 2547, 15, 6422, 5781, 0, 2828, 77078, 110, 156, 16922, 141, 
              1250, 812, 0, 0, 15, 375, 2313, 594, 0, 15, 0, 27391, 0, 265, 1407, 125, 3140, 16, 0 ], 
          [ 0, 0, 36218, 0, 0, 37531, 0, 0, 15, 16, 2750, 0, 16, 0, 11828, 226375, 0, 0, 16, 7484, 0, 16, 2484, 
              80422, 60094, 295984, 118000, 65141, 19281, 1453, 119204, 48171, 44266, 0, 46969, 7890, 0, 16, 39734, 
              0, 78688, 0, 6359, 0, 453, 0, 8563, 1703, 0, 0, 0, 15, 0, 16, 20765, 0, 135922, 0, 0, 68641, 6656, 0, 
              56719, 5265, 12562, 0, 16, 12672, 48579, 4953, 0, 44109, 40609, 768641, 16, 4750, 0, 99406, 4844, 0, 
              15, 8422, 16, 0, 0, 0, 0, 0, 0, 36109, 1875, 16, 29984, 50219, 0, 15, 0, 43250, 0, 8579 ] ] ], 
  [ [ [ 0, 0, 0, 0, 0, 0, 0, 0, 0, 0, 0, 0, 0, 0, 0, 0, 0, 0, 0, 0, 0, 0, 0, 0, 0, 0, 0, 0, 0, 0, 0, 0, 0, 0, 
              0, 0, 0, 0, 0, 0, 0, 0, 0, 0, 0, 0, 0, 0, 0, 0, 0, 0, 0, 0, 0, 0, 0, 0, 0, 0, 0, 0, 0, 0, 0, 0, 0, 0, 
              0, 0, 0, 0, 0, 0, 0, 0, 0, 0, 0, 0, 0, 0, 0, 0, 0, 0, 0, 0, 0, 0, 0, 0, 0, 0, 0, 0, 0, 0, 0, 0 ], 
          [ 0, 0, 0, 0, 0, 0, 0, 0, 0, 0, 0, 0, 0, 0, 0, 0, 0, 0, 0, 0, 0, 0, 0, 0, 0, 0, 0, 0, 0, 0, 0, 0, 
              0, 0, 0, 0, 0, 0, 0, 0, 0, 0, 0, 0, 0, 0, 0, 0, 0, 0, 0, 0, 0, 0, 0, 0, 0, 0, 0, 0, 0, 0, 0, 0, 0, 0, 
              0, 0, 0, 0, 0, 0, 0, 0, 0, 0, 0, 0, 0, 0, 0, 0, 0, 0, 0, 0, 0, 0, 0, 0, 0, 0, 0, 0, 0, 0, 0, 0, 0, 0 ], 
          [ 0, 0, 0, 0, 0, 0, 0, 0, 0, 0, 0, 0, 0, 0, 0, 0, 0, 0, 0, 0, 0, 0, 0, 0, 0, 0, 0, 0, 0, 0, 0, 0, 0, 0, 0, 
              0, 0, 0, 0, 0, 0, 0, 0, 0, 0, 0, 0, 0, 0, 0, 0, 0, 0, 0, 0, 0, 0, 0, 0, 0, 0, 0, 0, 0, 0, 0, 0, 0, 0, 
              0, 0, 0, 0, 0, 0, 0, 0, 0, 0, 0, 0, 0, 0, 0, 0, 0, 0, 0, 0, 0, 0, 0, 0, 0, 0, 0, 0, 0, 0, 0 ], 
          [ 0, 0, 0, 0, 0, 0, 0, 0, 0, 0, 0, 0, 0, 0, 0, 0, 0, 0, 0, 0, 0, 0, 0, 0, 0, 0, 0, 0, 0, 0, 0, 0, 
              0, 0, 0, 0, 0, 0, 0, 0, 0, 0, 0, 0, 0, 0, 0, 0, 0, 0, 0, 0, 0, 0, 0, 0, 0, 0, 0, 0, 0, 0, 0, 0, 0, 0, 
              0, 0, 0, 0, 0, 0, 0, 0, 0, 0, 0, 0, 0, 0, 0, 0, 0, 0, 0, 0, 0, 0, 0, 0, 0, 0, 0, 0, 0, 0, 0, 0, 0, 0 ], 
          [ 0, 0, 0, 0, 0, 0, 0, 0, 0, 0, 0, 0, 0, 0, 0, 0, 0, 0, 0, 0, 0, 0, 0, 0, 0, 0, 0, 0, 0, 0, 0, 0, 0, 0, 0, 
              0, 0, 0, 0, 0, 0, 0, 0, 0, 0, 0, 0, 0, 0, 0, 0, 0, 0, 0, 0, 0, 0, 0, 0, 0, 0, 0, 0, 0, 0, 0, 0, 0, 15, 
              0, 0, 0, 0, 0, 0, 0, 0, 0, 0, 0, 0, 0, 0, 0, 0, 0, 0, 0, 0, 0, 0, 0, 0, 0, 0, 0, 0, 0, 0, 0 ] ], 
      [ [ 0, 0, 0, 0, 0, 0, 0, 0, 0, 0, 0, 0, 0, 0, 0, 0, 0, 0, 0, 0, 0, 0, 0, 0, 0, 0, 0, 0, 0, 0, 0, 0, 0, 
              0, 0, 0, 0, 0, 0, 0, 0, 0, 0, 0, 0, 0, 0, 0, 0, 0, 0, 0, 0, 0, 0, 0, 0, 0, 0, 0, 0, 0, 0, 0, 0, 0, 0, 
              0, 0, 0, 0, 0, 0, 0, 0, 0, 0, 0, 0, 0, 0, 0, 0, 0, 0, 0, 0, 0, 0, 0, 0, 0, 0, 0, 0, 0, 0, 0, 0, 0 ], 
          [ 0, 0, 0, 0, 0, 0, 0, 0, 0, 0, 0, 0, 0, 0, 0, 0, 0, 0, 0, 0, 0, 0, 0, 0, 0, 0, 0, 0, 0, 0, 0, 0, 0, 0, 0, 
              0, 0, 0, 0, 0, 0, 0, 0, 0, 0, 0, 0, 0, 0, 0, 0, 0, 0, 0, 0, 0, 0, 0, 0, 0, 0, 0, 0, 0, 0, 0, 0, 0, 0, 
              0, 0, 0, 0, 0, 0, 0, 0, 0, 0, 0, 0, 0, 0, 0, 0, 0, 0, 0, 0, 0, 0, 0, 0, 0, 0, 0, 0, 0, 0, 0 ], 
          [ 0, 0, 0, 0, 0, 0, 0, 0, 0, 0, 0, 0, 0, 0, 0, 0, 0, 0, 0, 0, 0, 0, 0, 0, 0, 0, 0, 0, 0, 0, 0, 0, 
              0, 0, 0, 0, 0, 0, 0, 0, 0, 0, 0, 0, 0, 0, 0, 0, 0, 0, 0, 0, 0, 0, 0, 0, 0, 0, 0, 0, 0, 0, 0, 0, 0, 0, 
              0, 0, 0, 0, 0, 0, 0, 0, 0, 0, 0, 0, 0, 0, 0, 0, 0, 0, 0, 0, 0, 0, 0, 0, 0, 0, 0, 0, 0, 0, 0, 0, 0, 0 ], 
          [ 0, 0, 0, 0, 0, 0, 0, 0, 0, 0, 0, 0, 0, 0, 0, 0, 0, 0, 0, 0, 0, 0, 0, 0, 0, 0, 0, 0, 0, 0, 0, 0, 0, 0, 0, 
              0, 0, 0, 0, 0, 0, 0, 0, 0, 0, 0, 0, 0, 0, 0, 0, 0, 0, 0, 0, 0, 0, 0, 0, 0, 0, 0, 0, 0, 0, 0, 0, 0, 0, 
              0, 0, 0, 0, 0, 0, 0, 0, 0, 0, 0, 0, 0, 0, 0, 0, 0, 0, 0, 0, 0, 0, 0, 0, 0, 0, 0, 0, 0, 0, 0 ], 
          [ 0, 0, 0, 0, 0, 0, 0, 0, 0, 0, 0, 0, 0, 0, 0, 0, 0, 0, 0, 0, 0, 0, 0, 0, 0, 0, 0, 0, 0, 0, 0, 0, 
              0, 0, 0, 0, 0, 0, 0, 0, 0, 0, 0, 0, 0, 0, 0, 0, 0, 0, 0, 0, 0, 0, 0, 0, 0, 0, 0, 0, 0, 0, 0, 0, 0, 0, 
              0, 0, 0, 0, 0, 0, 0, 0, 0, 0, 0, 0, 0, 0, 0, 0, 0, 0, 0, 0, 0, 0, 0, 0, 0, 0, 0, 0, 0, 0, 0, 0, 0, 0 ] ]
        , 
      [ [ 0, 63, 0, 62, 31, 47, 31, 31, 32, 0, 47, 46, 47, 0, 0, 32, 31, 0, 0, 78, 0, 0, 31, 15, 32, 0, 78, 0, 0, 
              110, 63, 16, 0, 0, 0, 78, 0, 0, 94, 0, 0, 32, 46, 16, 47, 47, 0, 0, 16, 16, 31, 16, 0, 0, 15, 0, 0, 47, 
              0, 31, 0, 16, 31, 16, 125, 47, 0, 0, 47, 31, 47, 16, 47, 0, 47, 0, 47, 31, 47, 31, 32, 31, 78, 31, 32, 
              15, 0, 0, 16, 47, 47, 31, 0, 125, 31, 16, 31, 63, 0, 15 ], 
          [ 0, 0, 78, 0, 16, 0, 188, 93, 109, 0, 110, 109, 125, 0, 47, 265, 16, 94, 15, 47, 141, 297, 0, 47, 109, 
              281, 0, 0, 0, 16, 62, 125, 0, 31, 0, 16, 141, 296, 0, 79, 0, 437, 125, 765, 16, 16, 281, 172, 47, 297, 
              94, 32, 15, 0, 110, 156, 62, 172, 0, 16, 0, 0, 16, 0, 93, 32, 78, 0, 15, 0, 47, 110, 359, 0, 78, 0, 15, 
              63, 0, 0, 125, 188, 547, 0, 78, 516, 0, 62, 78, 78, 47, 47, 0, 375, 406, 31, 0, 0, 16, 0 ], 
          [ 719, 0, 828, 0, 15, 0, 2641, 16, 16906, 6140, 0, 1985, 15, 266, 0, 578, 0, 750, 16, 0, 0, 1594, 4640, 
              141, 0, 15, 0, 11297, 0, 0, 156, 297, 0, 6266, 0, 3812, 1703, 157, 0, 15, 1219, 16, 0, 515, 1078, 16, 
              0, 4703, 375, 1656, 0, 0, 203, 0, 781, 16, 6312, 10969, 0, 485, 5203, 2062, 16, 1047, 0, 0, 0, 360, 15, 
              14907, 0, 265, 16, 16062, 469, 312, 188, 672, 1500, 6578, 16, 0, 0, 0, 1328, 0, 8281, 0, 16, 0, 11843, 
              219, 4969, 0, 3062, 7266, 2625, 16, 1578, 0 ], 
          [ 2031, 0, 1187, 20391, 1203, 16, 44390, 0, 0, 6359, 0, 0, 0, 16, 6297, 15, 6219, 16, 11593, 0, 16, 7250, 
              3469, 15, 2860, 375, 359, 266, 0, 15, 6532, 1765, 16, 0, 15, 1391, 0, 52609, 4390, 844, 5141, 2906, 
              437, 42235, 61562, 2625, 16, 0, 18516, 110, 0, 0, 15, 0, 0, 16, 156, 25750, 16, 2219, 4547, 15, 344, 
              891, 3187, 2016, 8968, 0, 18532, 3906, 2547, 15, 6422, 5781, 0, 2828, 77078, 110, 156, 16922, 141, 
              1250, 812, 0, 0, 15, 375, 2313, 594, 0, 15, 0, 27391, 0, 265, 1407, 125, 3140, 16, 0 ], 
          [ 0, 0, 36218, 0, 0, 37531, 0, 0, 15, 16, 2750, 0, 16, 0, 11828, 226375, 0, 0, 16, 7484, 0, 16, 2484, 
              80422, 60094, 295984, 118000, 65141, 19281, 1453, 119204, 48171, 44266, 0, 46969, 7890, 0, 16, 39734, 
              0, 78688, 0, 6359, 0, 453, 0, 8563, 1703, 0, 0, 0, 15, 0, 16, 20765, 0, 135922, 0, 0, 68641, 6656, 0, 
              56719, 5265, 12562, 0, 16, 12672, 48579, 4953, 0, 44109, 40609, 768641, 16, 4750, 0, 99406, 4844, 0, 
              15, 8422, 16, 0, 0, 0, 0, 0, 0, 36109, 1875, 16, 29984, 50219, 0, 15, 0, 43250, 0, 8579 ] ] ], 
  [ [ [ 0, 0, 0, 0, 0, 0, 0, 0, 0, 0, 0, 0, 0, 0, 0, 0, 0, 0, 0, 0, 0, 0, 0, 0, 0, 0, 0, 0, 0, 0, 0, 0, 0, 0, 
              0, 0, 0, 0, 0, 0, 0, 0, 0, 0, 0, 0, 0, 0, 0, 0, 0, 0, 0, 0, 0, 0, 0, 0, 0, 0, 0, 0, 0, 0, 0, 0, 0, 0, 
              0, 0, 0, 0, 0, 0, 0, 0, 0, 0, 0, 0, 0, 0, 0, 0, 0, 0, 0, 0, 0, 0, 0, 0, 0, 0, 0, 0, 0, 0, 0, 0 ], 
          [ 0, 0, 0, 0, 0, 0, 0, 0, 0, 0, 0, 0, 0, 0, 0, 0, 0, 0, 0, 0, 0, 0, 0, 0, 0, 0, 0, 0, 0, 0, 0, 0, 
              0, 0, 0, 0, 0, 0, 0, 0, 0, 0, 0, 0, 0, 0, 0, 0, 0, 0, 0, 0, 0, 0, 0, 0, 0, 0, 0, 0, 0, 0, 0, 0, 0, 0, 
              0, 0, 0, 0, 0, 0, 0, 0, 0, 0, 0, 0, 0, 0, 0, 0, 0, 0, 0, 0, 0, 0, 0, 0, 0, 0, 0, 0, 0, 0, 0, 0, 0, 0 ], 
          [ 0, 0, 0, 0, 0, 0, 0, 0, 0, 0, 0, 0, 0, 0, 0, 0, 0, 0, 0, 0, 0, 0, 0, 0, 0, 0, 0, 0, 0, 0, 0, 0, 0, 0, 0, 
              0, 0, 0, 0, 0, 0, 0, 0, 0, 0, 0, 0, 0, 0, 0, 0, 0, 0, 0, 0, 0, 0, 0, 0, 0, 0, 0, 0, 0, 0, 0, 0, 0, 0, 
              0, 0, 0, 0, 0, 0, 0, 0, 0, 0, 0, 0, 0, 0, 0, 0, 0, 0, 0, 0, 0, 0, 0, 0, 0, 0, 0, 0, 0, 0, 0 ], 
          [ 0, 0, 0, 0, 0, 0, 0, 0, 0, 0, 0, 0, 0, 0, 0, 0, 0, 0, 0, 0, 0, 0, 0, 0, 0, 0, 0, 0, 0, 0, 0, 0, 
              0, 0, 0, 0, 0, 0, 0, 0, 0, 0, 0, 0, 0, 0, 0, 0, 0, 0, 0, 0, 0, 0, 0, 0, 0, 0, 0, 0, 0, 0, 0, 0, 0, 0, 
              0, 0, 0, 0, 0, 0, 0, 0, 0, 0, 0, 0, 0, 0, 0, 0, 0, 0, 0, 0, 0, 0, 0, 0, 0, 0, 0, 0, 0, 0, 0, 0, 0, 0 ], 
          [ 0, 0, 0, 0, 0, 0, 0, 0, 0, 0, 0, 0, 0, 0, 0, 0, 0, 0, 0, 0, 0, 0, 0, 0, 0, 0, 0, 0, 0, 0, 0, 0, 0, 0, 0, 
              0, 0, 0, 0, 0, 0, 0, 0, 0, 0, 0, 0, 0, 0, 0, 0, 0, 0, 0, 0, 0, 0, 0, 0, 0, 0, 0, 0, 0, 0, 0, 0, 0, 15, 
              0, 0, 0, 0, 0, 0, 0, 0, 0, 0, 0, 0, 0, 0, 0, 0, 0, 0, 0, 0, 0, 0, 0, 0, 0, 0, 0, 0, 0, 0, 0 ] ], 
      [ [ 0, 0, 0, 0, 0, 0, 0, 0, 0, 0, 0, 0, 0, 0, 0, 0, 0, 0, 0, 0, 0, 0, 0, 0, 0, 0, 0, 0, 0, 0, 0, 0, 0, 
              0, 0, 0, 0, 0, 0, 0, 0, 0, 0, 0, 0, 0, 0, 0, 0, 0, 0, 0, 0, 0, 0, 0, 0, 0, 0, 0, 0, 0, 0, 0, 0, 0, 0, 
              0, 0, 0, 0, 0, 0, 0, 0, 0, 0, 0, 0, 0, 0, 0, 0, 0, 0, 0, 0, 0, 0, 0, 0, 0, 0, 0, 0, 0, 0, 0, 0, 0 ], 
          [ 0, 0, 0, 0, 0, 0, 0, 0, 0, 0, 0, 0, 0, 0, 0, 0, 0, 0, 0, 0, 0, 0, 0, 0, 0, 0, 0, 0, 0, 0, 0, 0, 0, 0, 0, 
              0, 0, 0, 0, 0, 0, 0, 0, 0, 0, 0, 0, 0, 0, 0, 0, 0, 0, 0, 0, 0, 0, 0, 0, 0, 0, 0, 0, 0, 0, 0, 0, 0, 0, 
              0, 0, 0, 0, 0, 0, 0, 0, 0, 0, 0, 0, 0, 0, 0, 0, 0, 0, 0, 0, 0, 0, 0, 0, 0, 0, 0, 0, 0, 0, 0 ], 
          [ 0, 0, 0, 0, 0, 0, 0, 0, 0, 0, 0, 0, 0, 0, 0, 0, 0, 0, 0, 0, 0, 0, 0, 0, 0, 0, 0, 0, 0, 0, 0, 0, 
              0, 0, 0, 0, 0, 0, 0, 0, 0, 0, 0, 0, 0, 0, 0, 0, 0, 0, 0, 0, 0, 0, 0, 0, 0, 0, 0, 0, 0, 0, 0, 0, 0, 0, 
              0, 0, 0, 0, 0, 0, 0, 0, 0, 0, 0, 0, 0, 0, 0, 0, 0, 0, 0, 0, 0, 0, 0, 0, 0, 0, 0, 0, 0, 0, 0, 0, 0, 0 ], 
          [ 0, 0, 0, 0, 0, 0, 0, 0, 0, 0, 0, 0, 0, 0, 0, 0, 0, 0, 0, 0, 0, 0, 0, 0, 0, 0, 0, 0, 0, 0, 0, 0, 0, 0, 0, 
              0, 0, 0, 0, 0, 0, 0, 0, 0, 0, 0, 0, 0, 0, 0, 0, 0, 0, 0, 0, 0, 0, 0, 0, 0, 0, 0, 0, 0, 0, 0, 0, 0, 0, 
              0, 0, 0, 0, 0, 0, 0, 0, 0, 0, 0, 0, 0, 0, 0, 0, 0, 0, 0, 0, 0, 0, 0, 0, 0, 0, 0, 0, 0, 0, 0 ], 
          [ 0, 0, 0, 0, 0, 0, 0, 0, 0, 0, 0, 0, 0, 0, 0, 0, 0, 0, 0, 0, 0, 0, 0, 0, 0, 0, 0, 0, 0, 0, 0, 0, 
              0, 0, 0, 0, 0, 0, 0, 0, 0, 0, 0, 0, 0, 0, 0, 0, 0, 0, 0, 0, 0, 0, 0, 0, 0, 0, 0, 0, 0, 0, 0, 0, 0, 0, 
              0, 0, 0, 0, 0, 0, 0, 0, 0, 0, 0, 0, 0, 0, 0, 0, 0, 0, 0, 0, 0, 0, 0, 0, 0, 0, 0, 0, 0, 0, 0, 0, 0, 0 ] ]
        , 
      [ [ 0, 63, 0, 62, 31, 47, 31, 31, 32, 0, 47, 46, 47, 0, 0, 32, 31, 0, 0, 78, 0, 0, 31, 15, 32, 0, 78, 0, 0, 
              110, 63, 16, 0, 0, 0, 78, 0, 0, 94, 0, 0, 32, 46, 16, 47, 47, 0, 0, 16, 16, 31, 16, 0, 0, 15, 0, 0, 47, 
              0, 31, 0, 16, 31, 16, 125, 47, 0, 0, 47, 31, 47, 16, 47, 0, 47, 0, 47, 31, 47, 31, 32, 31, 78, 31, 32, 
              15, 0, 0, 16, 47, 47, 31, 0, 125, 31, 16, 31, 63, 0, 15 ], 
          [ 0, 0, 78, 0, 16, 0, 188, 93, 109, 0, 110, 109, 125, 0, 47, 265, 16, 94, 15, 47, 141, 297, 0, 47, 109, 
              281, 0, 0, 0, 16, 62, 125, 0, 31, 0, 16, 141, 296, 0, 79, 0, 437, 125, 765, 16, 16, 281, 172, 47, 297, 
              94, 32, 15, 0, 110, 156, 62, 172, 0, 16, 0, 0, 16, 0, 93, 32, 78, 0, 15, 0, 47, 110, 359, 0, 78, 0, 15, 
              63, 0, 0, 125, 188, 547, 0, 78, 516, 0, 62, 78, 78, 47, 47, 0, 375, 406, 31, 0, 0, 16, 0 ], 
          [ 719, 0, 828, 0, 15, 0, 2641, 16, 16906, 6140, 0, 1985, 15, 266, 0, 578, 0, 750, 16, 0, 0, 1594, 4640, 
              141, 0, 15, 0, 11297, 0, 0, 156, 297, 0, 6266, 0, 3812, 1703, 157, 0, 15, 1219, 16, 0, 515, 1078, 16, 
              0, 4703, 375, 1656, 0, 0, 203, 0, 781, 16, 6312, 10969, 0, 485, 5203, 2062, 16, 1047, 0, 0, 0, 360, 15, 
              14907, 0, 265, 16, 16062, 469, 312, 188, 672, 1500, 6578, 16, 0, 0, 0, 1328, 0, 8281, 0, 16, 0, 11843, 
              219, 4969, 0, 3062, 7266, 2625, 16, 1578, 0 ], 
          [ 2031, 0, 1187, 20391, 1203, 16, 44390, 0, 0, 6359, 0, 0, 0, 16, 6297, 15, 6219, 16, 11593, 0, 16, 7250, 
              3469, 15, 2860, 375, 359, 266, 0, 15, 6532, 1765, 16, 0, 15, 1391, 0, 52609, 4390, 844, 5141, 2906, 
              437, 42235, 61562, 2625, 16, 0, 18516, 110, 0, 0, 15, 0, 0, 16, 156, 25750, 16, 2219, 4547, 15, 344, 
              891, 3187, 2016, 8968, 0, 18532, 3906, 2547, 15, 6422, 5781, 0, 2828, 77078, 110, 156, 16922, 141, 
              1250, 812, 0, 0, 15, 375, 2313, 594, 0, 15, 0, 27391, 0, 265, 1407, 125, 3140, 16, 0 ], 
          [ 0, 0, 36218, 0, 0, 37531, 0, 0, 15, 16, 2750, 0, 16, 0, 11828, 226375, 0, 0, 16, 7484, 0, 16, 2484, 
              80422, 60094, 295984, 118000, 65141, 19281, 1453, 119204, 48171, 44266, 0, 46969, 7890, 0, 16, 39734, 
              0, 78688, 0, 6359, 0, 453, 0, 8563, 1703, 0, 0, 0, 15, 0, 16, 20765, 0, 135922, 0, 0, 68641, 6656, 0, 
              56719, 5265, 12562, 0, 16, 12672, 48579, 4953, 0, 44109, 40609, 768641, 16, 4750, 0, 99406, 4844, 0, 
              15, 8422, 16, 0, 0, 0, 0, 0, 0, 36109, 1875, 16, 29984, 50219, 0, 15, 0, 43250, 0, 8579 ] ] ] ]