[ [ [ 0, 0, 0, 0, 0, 0, 0, 0, 0, 0, 0, 0, 0, 0, 0, 0, 0, 0, 0, 0, 0, 0, 0, 0, 0, 0, 0, 0, 0, 0, 0, 0, 0, 0, 0, 
          0, 0, 0, 0, 0, 0, 0, 0, 0, 0, 0, 0, 0, 0, 0, 0, 0, 0, 0, 0, 0, 0, 0, 0, 0, 0, 0, 0, 0, 0, 0, 0, 0, 0, 0, 0, 
          0, 0, 0, 0, 0, 0, 0, 0, 0, 0, 0, 0, 0, 0, 0, 0, 0, 0, 0, 0, 0, 0, 0, 0, 0, 0, 0, 0, 0 ], 
      [ 0, 0, 0, 0, 0, 0, 0, 0, 0, 0, 0, 0, 0, 0, 0, 0, 0, 0, 0, 0, 0, 0, 0, 0, 0, 0, 0, 0, 0, 0, 0, 
          0, 0, 0, 0, 0, 0, 0, 0, 0, 0, 0, 0, 0, 0, 0, 0, 0, 0, 0, 0, 0, 0, 0, 0, 0, 0, 0, 0, 0, 0, 0, 0, 0, 0, 0, 0, 
          0, 0, 0, 0, 0, 0, 0, 0, 0, 0, 0, 0, 0, 0, 0, 0, 0, 0, 0, 0, 0, 0, 0, 0, 0, 0, 0, 0, 0, 0, 0, 0, 0 ], 
      [ 0, 0, 0, 0, 0, 0, 0, 0, 0, 0, 0, 0, 0, 0, 0, 0, 0, 0, 0, 0, 0, 0, 0, 0, 0, 0, 0, 0, 0, 0, 0, 0, 0, 0, 0, 
          0, 0, 0, 0, 0, 0, 0, 0, 0, 0, 0, 0, 0, 0, 0, 0, 0, 0, 0, 0, 0, 0, 0, 0, 0, 0, 0, 0, 0, 0, 0, 0, 0, 0, 0, 
          0, 0, 0, 0, 0, 0, 0, 0, 0, 0, 0, 0, 0, 0, 0, 0, 0, 0, 0, 0, 0, 0, 0, 0, 0, 0, 0, 0, 0, 0 ], 
      [ 0, 0, 0, 0, 0, 0, 0, 0, 0, 0, 0, 0, 0, 0, 0, 0, 0, 0, 0, 0, 0, 0, 0, 0, 0, 0, 0, 0, 0, 0, 0, 0, 
          0, 0, 0, 0, 0, 0, 0, 0, 0, 0, 0, 0, 0, 0, 0, 0, 0, 0, 0, 0, 0, 0, 0, 0, 0, 0, 0, 0, 0, 0, 0, 0, 0, 0, 0, 0, 
          0, 0, 0, 0, 0, 0, 0, 0, 0, 0, 0, 0, 0, 0, 0, 0, 0, 0, 0, 0, 0, 0, 0, 0, 0, 0, 0, 0, 0, 0, 0, 0 ], 
      [ 0, 0, 0, 0, 0, 0, 0, 0, 0, 0, 0, 0, 0, 0, 0, 0, 0, 0, 0, 0, 0, 0, 0, 0, 0, 0, 0, 0, 0, 0, 0, 
          0, 0, 0, 0, 0, 0, 0, 0, 0, 0, 0, 0, 0, 0, 0, 0, 0, 0, 0, 0, 0, 0, 0, 0, 0, 0, 0, 0, 0, 0, 0, 0, 0, 0, 0, 
          16, 0, 0, 0, 0, 0, 0, 0, 0, 0, 0, 0, 0, 0, 0, 0, 0, 0, 0, 0, 0, 0, 0, 0, 0, 0, 0, 0, 0, 0, 0, 0, 0, 0 ], 
      [ 0, 0, 0, 0, 0, 0, 0, 0, 0, 0, 0, 0, 0, 0, 0, 0, 0, 0, 0, 0, 0, 0, 0, 0, 0, 0, 0, 0, 0, 0, 0, 0, 0, 0, 0, 
          0, 0, 0, 0, 0, 0, 0, 0, 0, 0, 0, 0, 0, 0, 0, 0, 0, 0, 0, 0, 0, 0, 0, 0, 0, 0, 0, 0, 0, 0, 0, 0, 0, 0, 0, 
          0, 0, 0, 0, 0, 0, 0, 0, 0, 0, 0, 0, 0, 0, 0, 0, 0, 0, 0, 0, 0, 0, 0, 0, 0, 0, 0, 0, 0, 0 ], 
      [ 0, 0, 0, 0, 0, 0, 0, 0, 0, 0, 0, 0, 0, 0, 0, 0, 0, 0, 0, 0, 0, 0, 0, 0, 0, 0, 0, 0, 0, 0, 0, 0, 
          0, 0, 0, 0, 0, 0, 0, 0, 0, 0, 0, 0, 0, 0, 0, 0, 0, 0, 0, 0, 0, 0, 0, 0, 0, 0, 0, 0, 0, 0, 0, 0, 0, 0, 0, 0, 
          0, 0, 0, 0, 0, 0, 0, 0, 0, 0, 0, 0, 0, 0, 0, 0, 0, 0, 0, 0, 0, 0, 0, 0, 0, 0, 0, 0, 0, 0, 0, 0 ], 
      [ 0, 0, 0, 0, 0, 0, 0, 0, 0, 0, 0, 0, 0, 0, 0, 0, 0, 0, 0, 0, 0, 0, 0, 0, 0, 0, 0, 0, 0, 0, 0, 
          0, 0, 0, 0, 0, 0, 0, 0, 0, 0, 0, 0, 0, 0, 0, 0, 0, 0, 0, 0, 0, 0, 0, 0, 0, 0, 0, 0, 0, 0, 0, 0, 0, 0, 0, 0, 
          0, 0, 0, 0, 0, 0, 0, 0, 0, 0, 0, 0, 0, 0, 0, 0, 0, 0, 0, 0, 0, 0, 0, 0, 0, 16, 0, 0, 0, 0, 0, 0, 0 ], 
      [ 0, 0, 0, 0, 0, 0, 0, 0, 0, 0, 0, 0, 0, 0, 0, 0, 0, 0, 0, 0, 0, 0, 0, 0, 0, 0, 0, 0, 0, 0, 0, 0, 0, 0, 0, 
          0, 0, 0, 0, 0, 0, 0, 0, 0, 0, 0, 0, 0, 0, 0, 0, 0, 0, 0, 0, 0, 0, 0, 0, 0, 0, 0, 0, 0, 0, 0, 0, 0, 0, 0, 
          0, 0, 0, 0, 0, 0, 0, 0, 0, 0, 0, 0, 0, 0, 0, 0, 0, 0, 0, 0, 0, 0, 0, 0, 0, 0, 0, 0, 0, 0 ], 
      [ 0, 0, 0, 0, 0, 0, 0, 0, 0, 0, 0, 0, 0, 0, 0, 0, 0, 0, 0, 0, 0, 0, 0, 0, 0, 0, 0, 0, 0, 0, 0, 0, 
          0, 0, 0, 0, 0, 0, 0, 0, 0, 0, 0, 0, 0, 0, 0, 0, 0, 0, 0, 0, 0, 0, 0, 0, 0, 0, 0, 0, 0, 0, 0, 0, 0, 0, 0, 0, 
          0, 0, 0, 0, 0, 0, 0, 0, 0, 0, 0, 0, 0, 0, 0, 0, 0, 0, 0, 0, 0, 0, 0, 0, 0, 0, 0, 0, 0, 0, 0, 0 ] ], 
  [ [ 0, 0, 0, 0, 0, 0, 0, 0, 0, 0, 0, 0, 0, 0, 0, 0, 0, 0, 0, 0, 0, 0, 0, 0, 0, 0, 0, 0, 0, 0, 0, 
          0, 0, 0, 0, 0, 0, 0, 0, 0, 0, 0, 0, 0, 0, 0, 0, 0, 0, 0, 0, 0, 0, 0, 0, 0, 0, 0, 0, 0, 0, 0, 0, 0, 0, 0, 0, 
          0, 0, 0, 0, 0, 0, 0, 0, 0, 0, 0, 0, 0, 0, 0, 0, 0, 0, 0, 0, 0, 0, 0, 0, 0, 0, 0, 0, 0, 0, 0, 0, 0 ], 
      [ 0, 0, 0, 0, 0, 0, 0, 0, 0, 0, 0, 0, 0, 0, 0, 0, 0, 0, 0, 0, 0, 0, 0, 0, 0, 0, 0, 0, 0, 0, 0, 0, 0, 0, 0, 
          0, 0, 0, 0, 0, 0, 0, 0, 0, 0, 0, 0, 0, 0, 0, 0, 0, 0, 0, 0, 0, 0, 0, 0, 0, 0, 0, 0, 0, 0, 0, 0, 0, 0, 0, 
          0, 0, 0, 0, 0, 0, 0, 0, 0, 0, 0, 0, 0, 0, 0, 0, 0, 0, 0, 0, 0, 0, 0, 0, 0, 0, 0, 0, 0, 0 ], 
      [ 0, 0, 0, 0, 0, 0, 0, 0, 0, 0, 0, 0, 0, 0, 0, 0, 0, 0, 0, 0, 0, 0, 0, 0, 0, 0, 0, 0, 0, 0, 0, 0, 
          0, 0, 0, 0, 0, 0, 0, 0, 0, 0, 0, 0, 0, 0, 0, 0, 0, 0, 0, 0, 0, 0, 0, 0, 0, 0, 0, 0, 0, 0, 0, 0, 0, 0, 0, 0, 
          0, 0, 0, 0, 0, 0, 0, 0, 0, 0, 0, 0, 0, 0, 0, 0, 0, 0, 0, 0, 0, 0, 0, 0, 0, 0, 0, 0, 0, 0, 0, 0 ], 
      [ 0, 0, 0, 0, 0, 0, 0, 0, 0, 0, 0, 0, 0, 0, 0, 0, 0, 0, 0, 0, 0, 0, 0, 0, 0, 0, 0, 0, 0, 0, 0, 
          0, 0, 0, 0, 0, 0, 0, 0, 0, 0, 0, 0, 0, 0, 0, 0, 0, 0, 0, 0, 0, 0, 0, 0, 0, 0, 0, 0, 0, 0, 0, 0, 0, 0, 0, 0, 
          0, 0, 0, 0, 0, 0, 0, 0, 0, 0, 0, 0, 0, 0, 0, 0, 0, 0, 0, 0, 0, 0, 0, 0, 0, 0, 0, 0, 0, 0, 0, 0, 0 ], 
      [ 0, 0, 0, 0, 0, 0, 0, 0, 0, 0, 0, 0, 0, 0, 0, 0, 0, 0, 0, 0, 0, 0, 0, 0, 0, 0, 0, 0, 0, 0, 0, 0, 0, 0, 0, 
          0, 0, 0, 0, 0, 0, 0, 0, 0, 0, 0, 0, 0, 0, 0, 0, 0, 0, 0, 0, 0, 0, 0, 0, 0, 0, 0, 0, 0, 0, 0, 0, 0, 0, 0, 
          0, 0, 0, 0, 0, 0, 0, 0, 0, 0, 0, 0, 0, 0, 0, 0, 0, 0, 0, 0, 0, 0, 0, 0, 0, 0, 0, 0, 0, 0 ], 
      [ 0, 0, 0, 0, 0, 0, 0, 0, 0, 0, 0, 0, 0, 0, 0, 0, 0, 0, 0, 0, 0, 0, 0, 0, 0, 0, 0, 0, 0, 0, 0, 0, 
          0, 0, 0, 0, 0, 0, 0, 0, 0, 0, 0, 0, 0, 0, 0, 0, 0, 0, 0, 0, 0, 0, 0, 0, 0, 0, 0, 0, 0, 0, 0, 0, 0, 0, 0, 0, 
          0, 0, 0, 0, 0, 0, 0, 0, 0, 0, 0, 0, 0, 0, 0, 0, 0, 0, 0, 0, 0, 0, 0, 0, 0, 0, 0, 0, 0, 0, 0, 0 ], 
      [ 0, 0, 0, 0, 0, 0, 0, 0, 0, 0, 0, 0, 0, 0, 0, 0, 0, 0, 0, 0, 0, 0, 0, 0, 0, 0, 0, 0, 0, 0, 0, 
          0, 0, 0, 0, 0, 0, 0, 0, 0, 0, 0, 0, 0, 0, 0, 0, 0, 0, 0, 0, 0, 0, 0, 0, 0, 0, 0, 0, 0, 0, 0, 0, 0, 0, 0, 0, 
          0, 0, 0, 0, 0, 0, 0, 0, 0, 0, 0, 0, 0, 0, 0, 0, 0, 0, 0, 0, 0, 0, 0, 0, 0, 0, 0, 0, 0, 0, 0, 0, 0 ], 
      [ 0, 0, 0, 0, 0, 0, 0, 0, 0, 0, 0, 0, 0, 0, 0, 0, 0, 0, 0, 0, 0, 0, 0, 0, 0, 0, 0, 0, 0, 0, 0, 0, 0, 0, 0, 
          0, 0, 0, 0, 0, 0, 0, 0, 0, 0, 0, 0, 0, 0, 0, 0, 0, 0, 0, 0, 0, 0, 0, 0, 0, 0, 0, 0, 0, 0, 0, 0, 0, 0, 0, 
          0, 0, 0, 0, 0, 0, 0, 0, 0, 0, 0, 0, 0, 0, 0, 0, 0, 0, 0, 0, 0, 0, 0, 0, 0, 0, 0, 0, 0, 0 ], 
      [ 0, 0, 0, 0, 0, 0, 0, 0, 0, 0, 0, 0, 0, 0, 0, 0, 0, 0, 0, 0, 0, 0, 0, 0, 0, 0, 0, 0, 0, 0, 0, 0, 
          0, 0, 0, 0, 0, 0, 0, 0, 0, 0, 0, 0, 0, 0, 0, 0, 0, 0, 0, 0, 0, 0, 0, 0, 0, 0, 0, 0, 0, 0, 0, 0, 0, 0, 0, 0, 
          0, 0, 0, 0, 0, 0, 0, 0, 0, 0, 0, 0, 0, 0, 0, 0, 0, 0, 0, 0, 0, 0, 0, 0, 0, 0, 0, 0, 0, 0, 0, 0 ], 
      [ 0, 0, 0, 0, 0, 0, 0, 0, 0, 0, 0, 0, 0, 0, 0, 0, 0, 0, 0, 0, 0, 0, 0, 0, 0, 0, 0, 0, 0, 0, 0, 
          0, 0, 0, 0, 0, 0, 0, 0, 0, 0, 0, 0, 0, 0, 0, 0, 0, 0, 0, 0, 0, 0, 0, 0, 0, 0, 0, 0, 0, 0, 0, 0, 0, 0, 0, 0, 
          0, 0, 0, 0, 0, 0, 0, 0, 0, 0, 0, 0, 0, 0, 0, 0, 0, 0, 0, 0, 0, 0, 0, 0, 0, 0, 0, 0, 0, 0, 0, 0, 0 ] ], 
  [ [ 16, 0, 0, 0, 0, 0, 16, 0, 0, 0, 0, 0, 16, 0, 15, 0, 16, 0, 0, 16, 0, 16, 0, 16, 0, 0, 16, 0, 0, 0, 0, 0, 16, 0, 
          0, 0, 0, 0, 0, 16, 0, 0, 0, 0, 0, 16, 0, 0, 0, 0, 0, 0, 0, 15, 16, 0, 0, 0, 0, 16, 0, 0, 0, 15, 0, 16, 0, 
          0, 0, 15, 0, 0, 0, 16, 0, 0, 16, 0, 15, 0, 16, 0, 16, 0, 0, 16, 0, 0, 15, 0, 0, 16, 0, 16, 0, 0, 0, 0, 0, 0 
         ], [ 0, 0, 0, 0, 0, 0, 0, 0, 0, 16, 0, 0, 15, 0, 0, 0, 16, 0, 0, 0, 0, 0, 0, 0, 16, 0, 0, 0, 0, 0, 0, 0, 
          0, 0, 0, 0, 15, 16, 0, 0, 16, 15, 0, 16, 0, 16, 0, 0, 15, 0, 16, 0, 0, 15, 16, 16, 0, 31, 16, 0, 0, 0, 0, 
          15, 16, 0, 16, 15, 0, 0, 15, 0, 0, 16, 0, 0, 0, 0, 0, 0, 0, 0, 0, 0, 0, 15, 16, 15, 0, 0, 0, 16, 16, 0, 0, 
          0, 16, 0, 15, 0 ], [ 0, 0, 16, 0, 31, 47, 0, 0, 31, 0, 16, 16, 31, 16, 16, 0, 0, 0, 15, 0, 78, 157, 0, 0, 
          0, 16, 0, 62, 16, 15, 63, 15, 63, 16, 0, 47, 0, 16, 0, 31, 31, 0, 0, 0, 31, 0, 16, 0, 0, 0, 15, 31, 63, 0, 
          172, 15, 0, 266, 250, 16, 0, 47, 0, 0, 47, 0, 0, 15, 0, 219, 0, 0, 16, 16, 31, 15, 0, 16, 0, 47, 47, 0, 16, 
          31, 0, 16, 0, 15, 0, 16, 15, 16, 16, 0, 15, 16, 0, 0, 31, 16 ], 
      [ 0, 109, 141, 0, 0, 828, 31, 47, 0, 16, 0, 0, 0, 0, 47, 188, 156, 62, 0, 0, 94, 0, 0, 0, 141, 172, 172, 47, 
          15, 0, 78, 0, 32, 0, 0, 47, 0, 15, 0, 78, 0, 0, 63, 15, 0, 0, 16, 15, 0, 204, 0, 15, 0, 15, 32, 0, 359, 0, 
          0, 16, 343, 63, 0, 1468, 1078, 47, 16, 15, 188, 109, 16, 15, 16, 0, 16, 46, 32, 187, 16, 0, 15, 0, 16, 0, 
          0, 47, 0, 47, 0, 16, 15, 0, 0, 0, 0, 0, 62, 0, 32, 0 ], 
      [ 0, 16, 47, 0, 0, 203, 0, 15, 0, 16, 0, 16, 562, 0, 0, 109, 1688, 640, 7047, 11406, 2204, 0, 921, 0, 500, 0, 
          547, 0, 16, 16, 15, 0, 140, 16, 0, 31, 1375, 0, 16, 0, 0, 1203, 234, 16, 234, 16, 0, 515, 438, 250, 359, 
          94, 125, 312, 16, 0, 1953, 15, 0, 0, 594, 0, 2484, 0, 703, 172, 2453, 0, 16, 4656, 0, 15, 0, 0, 10609, 0, 
          0, 3188, 0, 47, 297, 1281, 0, 16, 0, 15, 0, 297, 1390, 0, 16562, 11141, 0, 2391, 0, 16, 1250, 16, 31, 0 ], 
      [ 860, 15, 0, 5469, 0, 16, 1312, 15641, 4109, 2735, 0, 5703, 1390, 985, 1563, 16, 0, 15, 0, 8281, 16, 16, 78, 
          1485, 0, 0, 0, 5500, 0, 1640, 78, 391, 1313, 1156, 9907, 640, 0, 0, 16, 0, 2640, 422, 0, 0, 2390, 8313, 15, 
          5188, 16, 5484, 343, 32, 15, 0, 16, 0, 2562, 16, 0, 0, 0, 0, 4046, 16, 94, 0, 15, 4922, 610, 15, 0, 5453, 
          7344, 16, 21469, 328, 0, 15, 2875, 1563, 875, 78, 15, 0, 563, 2937, 3672, 1063, 15, 0, 0, 750, 78, 16, 15, 
          360, 3594, 609, 1844, 16 ], [ 46828, 50359, 9172, 16, 15, 1141, 766, 1078, 78, 0, 15, 7500, 56688, 0, 9703, 
          15, 4906, 5797, 0, 22531, 32, 0, 0, 5391, 0, 110625, 0, 16, 0, 16, 4453, 0, 0, 4516, 34375, 28234, 2594, 0, 
          2265, 5532, 2906, 0, 0, 16, 0, 15, 7250, 16, 4375, 0, 57000, 31, 2922, 31, 2860, 15, 1579, 8718, 782, 0, 
          15, 4688, 0, 15, 1000, 2953, 3313, 5281, 0, 297, 2219, 2297, 15, 16, 0, 52891, 0, 16, 0, 15, 16, 9172, 
          1250, 7531, 2610, 1109, 1094, 4203, 15, 16, 172, 20312, 16, 15, 8547, 0, 15, 16, 2672, 29094 ], 
      [ 175625, 15, 35485, 1265, 3907, 15, 8453, 16, 0, 156, 16, 196453, 156, 104656, 1359, 227375, 15, 0, 16, 13828, 
          0, 0, 97453, 213922, 0, 15, 3063, 68187, 2094, 29469, 110032, 15156, 0, 13484, 2203, 6766, 0, 1688, 15, 0, 
          8625, 3515, 170391, 16, 78, 1828, 0, 78, 0, 16, 4453, 9281, 8203, 0, 47, 0, 8672, 112000, 15, 6578, 6312, 
          47, 0, 6016, 0, 0, 78, 16, 3469, 3953, 0, 15, 0, 47, 0, 31, 2625, 4141, 16, 31, 0, 9265, 47, 1891, 703, 
          128656, 0, 31, 54344, 16, 7781, 0, 921, 16, 131484, 6954, 11125, 15, 31, 23047 ], 
      [ 32, 78, 2734, 10766, 0, 16, 5797, 0, 6766, 3766, 10875, 22453, 0, 32, 0, 15, 12063, 14063, 9594, 15, 126078, 
          212891, 47, 38000, 16, 33515, 16, 2844, 1718, 16, 629156, 5000, 47, 16, 0, 30938, 62, 0, 31, 63, 15437, 94, 
          22563, 17734, 18000, 17297, 6234, 3016, -3445453, 16, 35890, 74484, 3422, 3563, 3031, 2797, 31, 0, 5547, 
          89766, 7593, 32, 0, 15, 16, 125, 0, 31, 76609, 47, 16, 31, 24125, 743969, 15, 63, 14047, 15, 16, 16593, 47, 
          0, 16, 20890, 0, 16, 31, 23875, 46, 16, 78, 16, 0, 79, 31, 3704, 1593, 2266, 16, 100171 ], 
      [ 188, 31, 101781, 1325234, 47, 184703, 47, 16, 16, 300031, 15, 11672, 63, 18172, 31, 3359, -3578514, 6829, 
          125, 0, 16, 0, 29750, 0, 31, 16, 16, 31, 15, 32, 0, 2625, 0, 47, 15, 10485, 15, 16, 94, 773640, 110047, 
          10641, 15, 448485, 29656, 1371328, 17234, 1875, 0, 203, 16, 31, 78, 47, 4438, 29203, 62, 13704, 143750, 15, 
          44360, 90437, 64859, 249594, 0, 16, 56500, -2388702, 16, 31, 348078, 2204, 26250, 31, 291672, 5563, 79, 15, 
          16, 131750, 47, 31, 16, 144515, 9141, 97781, 122203, 9891, 15, 219, 62, 5360, 59453, 31, 12297, 165875, 15, 
          172, 967391, -3324812 ] ] ]