[ [ 0, 0, 0, 0, 0, 0, 0, 0, 0, 0, 0, 0, 0, 0, 0, 0, 0, 0, 0, 0, 0, 0, 0, 0, 0, 0, 0, 0, 0, 0, 0, 0, 0, 0, 0, 
      0, 0, 0, 0, 0, 0, 0, 0, 0, 0, 0, 0, 0, 0, 0, 0, 0, 0, 0, 0, 0, 0, 0, 0, 0, 0, 0, 0, 0, 0, 0, 0, 0, 0, 0, 0, 0, 0, 0, 0, 0, 
      0, 0, 0, 0, 0, 0, 0, 0, 0, 0, 0, 0, 0, 0, 0, 0, 0, 0, 0, 0, 0, 0, 0, 0 ], 
  [ 0, 0, 0, 0, 0, 0, 0, 0, 0, 0, 0, 0, 0, 0, 0, 0, 0, 0, 0, 0, 0, 0, 0, 0, 0, 0, 
      0, 0, 0, 0, 0, 0, 0, 0, 0, 0, 0, 0, 0, 0, 0, 0, 0, 0, 0, 0, 0, 0, 0, 0, 0, 0, 0, 0, 0, 0, 0, 0, 0, 0, 0, 0, 0, 0, 0, 0, 0, 
      0, 0, 0, 0, 0, 0, 0, 0, 0, 0, 0, 0, 0, 0, 0, 0, 0, 0, 0, 0, 0, 0, 0, 0, 0, 0, 0, 0, 0, 0, 0, 0, 0 ], 
  [ 125956, 1128, 72, 8, 7784, 4, 15080, 8, 4, 41608, 91380, 8, 23368, 0, 28340, 8, 4, 55872, 20732, 4, 27804, 8, 20372, 616, 
      79208, 4, 182100, 17860, 4, 1236, 4, 636, 4, 8, 4, 8, 4, 8264, 8, 10048, 128768, 1760, 8, 80208, 4, 5360, 45696, 68676, 
      968, 4520, 8, 2824, 4, 0, 45668, 4, 4, 4, 800, 4, 26144, 90092, 4, 72, 8, 4, 30856, 340, 4, 1736, 4, 2568, 228, 11228, 0, 
      8352, 2804, 8, 4, 4, 4, 8, 6248, 37160, 8, 4, 4, 4, 24596, 81800, 4, 8, 11520, 240, 10072, 7328, 4, 4, 696, 18888 ], 
  [ 0, 0, 379479/25 ] ]