[ [ 0, 0, 0, 0, 0, 0, 0, 0, 0, 0, 0, 0, 0, 0, 0, 0, 0, 0, 0, 0, 0, 0, 0, 0, 0, 0, 0, 0, 0, 0, 0, 0, 0, 0, 0, 
      0, 0, 0, 0, 0, 0, 0, 0, 0, 0, 0, 0, 0, 0, 0, 0, 0, 0, 0, 0, 0, 0, 0, 0, 0, 0, 0, 0, 0, 0, 0, 0, 0, 0, 0, 4, 0, 0, 0, 0, 0, 
      0, 0, 0, 4, 0, 0, 0, 0, 0, 0, 0, 0, 0, 0, 0, 0, 0, 0, 4, 0, 0, 0, 0, 0 ], 
  [ 0, 0, 0, 0, 0, 0, 0, 0, 0, 0, 0, 0, 0, 0, 0, 0, 0, 0, 0, 0, 0, 0, 0, 0, 0, 0, 
      0, 0, 0, 0, 0, 0, 0, 0, 0, 0, 0, 0, 0, 0, 0, 0, 0, 0, 0, 0, 0, 0, 0, 4, 0, 0, 0, 0, 0, 0, 0, 0, 0, 0, 0, 0, 0, 0, 0, 0, 0, 
      0, 0, 0, 0, 0, 0, 0, 0, 0, 0, 0, 0, 0, 0, 0, 0, 0, 0, 0, 0, 0, 0, 0, 0, 0, 0, 0, 0, 0, 0, 0, 0, 0 ], 
  [ 8, 4, 4, 8, 16628, 20412, 4, 8, 4, 36640, 270408, 99608, 212, 8, 4704, 3304, 84240, 8, 392, 4, 20828, 27836, 29324, 1228, 4, 
      4, 4, 936200, 4, 7332, 7004, 8, 5020, 1584, 4, 4, 4956, 8, 4, 8, 6800, 7304, 8, 4, 98620, 74932, 25768, 33328, 4, 4, 4, 0, 
      8, 225428, 8, 4, 340, 4552, 4, 8, 8, 99216, 4, 15908, 4, 10428, 0, 188, 4, 8, 4, 96792, 132, 8, 4, 69060, 196, 8, 4, 3628, 
      1084, 167412, 4452, 83636, 4, 53832, 4, 17084, 4, 24880, 4, 4, 2432, 15324, 1868, 34624, 6332, 6996, 10656, 4 ], 
  [ 3/25, 1/25, 139067/5 ] ]