[ [ 0, 0, 0, 0, 0, 0, 0, 0, 0, 0, 0, 0, 0, 0, 0, 0, 0, 0, 0, 0, 0, 0, 0, 0, 0, 0, 0, 0, 0, 0, 0, 0, 0, 0, 0, 
      0, 0, 0, 0, 0, 0, 0, 0, 0, 0, 0, 0, 0, 0, 0, 0, 0, 0, 0, 0, 0, 0, 0, 0, 0, 0, 0, 0, 0, 0, 0, 0, 0, 0, 0, 0, 0, 0, 0, 0, 0, 
      0, 0, 0, 0, 0, 0, 0, 0, 0, 0, 0, 0, 0, 0, 0, 0, 0, 0, 0, 0, 0, 0, 0, 0 ], 
  [ 0, 0, 0, 0, 0, 0, 0, 0, 0, 0, 0, 0, 0, 0, 0, 0, 0, 0, 0, 0, 0, 0, 0, 0, 0, 0, 
      0, 0, 0, 0, 0, 0, 0, 0, 0, 0, 0, 0, 0, 0, 0, 0, 0, 0, 0, 0, 0, 0, 0, 0, 0, 0, 0, 0, 0, 0, 0, 0, 0, 0, 0, 0, 0, 0, 0, 0, 0, 
      0, 0, 0, 0, 0, 0, 0, 0, 0, 0, 0, 0, 0, 0, 0, 0, 0, 0, 0, 0, 0, 0, 0, 0, 0, 0, 0, 0, 0, 0, 0, 0, 0 ], 
  [ 492, 487596, 8, 23360, 8, 35668, 698548, 8, 272100, 4, 8, 4, 12, 175684, 4, 8, 43708, 283860, 262224, 164808, 8, 34204, 12, 
      225480, 29684, 302108, 449476, 8, 365336, 90312, 680, 20744, 14072, 113908, 8, 12, 134444, 21520, 12, 8, 570860, 51588, 
      192848, 8, 67420, 8, 106236, 154696, 8, 742112, 59652, 8, 18096, 15504, 12, 8, 12, 42924, 1374532, 8, 8, 4, 55720, 12, 12, 
      8, 3228, 24056, 4, 8, 16, 12, 16, 8, 12, 292, 1008, 4, 12, 8, 12, 279248, 95484, 23204, 4, 4, 8, 4, 4, 131200, 8, 2718648, 
      20364, 56216, 8, 4392, 205428, 8, 15704, 7016 ], [ 0, 0, 112881 ] ]