[ [ 0, 0, 0, 0, 0, 0, 0, 0, 0, 0, 0, 0, 0, 0, 0, 0, 0, 0, 0, 0, 0, 0, 0, 0, 0, 0, 0, 0, 0, 0, 0, 0, 0, 0, 0, 
      0, 0, 0, 0, 0, 0, 0, 0, 0, 0, 0, 0, 4, 0, 0, 0, 0, 0, 0, 0, 0, 0, 0, 0, 0, 0, 0, 0, 0, 0, 0, 0, 0, 0, 0, 0, 0, 0, 0, 0, 0, 
      0, 0, 0, 0, 0, 0, 0, 0, 0, 0, 0, 0, 0, 0, 0, 0, 0, 0, 0, 0, 0, 0, 0, 0 ], 
  [ 0, 0, 0, 0, 0, 0, 0, 0, 0, 0, 0, 0, 0, 0, 0, 0, 0, 0, 0, 0, 0, 0, 0, 0, 0, 0, 
      0, 0, 0, 0, 0, 0, 0, 0, 0, 0, 0, 0, 0, 0, 0, 0, 0, 0, 0, 0, 0, 0, 0, 0, 0, 0, 0, 0, 0, 0, 0, 0, 0, 0, 0, 0, 0, 0, 0, 0, 0, 
      0, 0, 0, 0, 0, 0, 0, 0, 0, 0, 0, 0, 0, 0, 0, 0, 0, 0, 0, 0, 0, 0, 0, 0, 0, 0, 0, 0, 0, 0, 0, 0, 0 ], 
  [ 8, 12, 4, 204512, 9012, 8, 228544, 12, 3497560, 65800, 1195972, 161144, 8809876, 8640, 801484, 2718964, 632316, 111176, 3592, 
      12, 238592, 16, 1555248, 206300, 1297932, 12, 8, 340436, 8, 59944, 2704084, 372136, 105568, 12, 12, 129316, 8, 465488, 
      408052, 276260, 569636, 251900, 69244, 129692, 12, 12, 8, 12, 552568, 184440, 1835912, 96536, 426244, 8, 247020, 12, 12, 8, 
      196164, 1188552, 16, 8, 16, 12, 103900, 151744, 3218316, 253948, 3561180, 736, 4, 851200, 12, 12, 8, 8, 192184, 16, 4, 8, 
      13648, 8352, 122084, 1099772, 663588, 8, 3020, 85648, 12, 25756, 8, 275884, 12, 12, 16, 821152, 8, 2699496, 12, 40396436 ], 
  [ 1/25, 0, 21726082/25 ] ]