[ [ 0, 0, 0, 0, 0, 0, 0, 0, 0, 0, 0, 0, 0, 0, 0, 0, 0, 0, 0, 0, 0, 0, 0, 0, 0, 0, 0, 0, 4, 0, 0, 0, 0, 0, 0, 
      0, 0, 0, 0, 0, 0, 0, 0, 0, 0, 0, 0, 0, 0, 0, 0, 0, 0, 0, 0, 0, 0, 0, 0, 0, 0, 0, 0, 0, 0, 0, 0, 0, 0, 0, 0, 0, 0, 0, 0, 0, 
      0, 0, 0, 0, 0, 0, 0, 0, 0, 0, 0, 0, 0, 0, 0, 0, 0, 0, 4, 0, 0, 0, 0, 0 ], 
  [ 0, 0, 0, 0, 0, 0, 0, 0, 0, 0, 0, 0, 0, 0, 0, 0, 0, 0, 0, 0, 0, 0, 0, 0, 0, 0, 
      0, 0, 0, 0, 0, 0, 0, 0, 0, 0, 0, 0, 0, 0, 0, 0, 0, 0, 0, 0, 0, 0, 0, 0, 0, 0, 0, 0, 0, 0, 0, 0, 0, 0, 0, 0, 0, 0, 0, 0, 0, 
      0, 0, 0, 0, 0, 0, 0, 0, 0, 0, 0, 0, 0, 0, 0, 0, 0, 0, 0, 0, 0, 0, 0, 0, 0, 0, 0, 0, 0, 0, 0, 0, 0 ], 
  [ 16, 12, 21421676, 285052, 16, 8884, 12, 2180736, 321680, 12, 16, 8, 343584, 897608, 3233036, 17772, 270332, 18764, 129068, 
      12, 144968, 8, 56532, 12, 16, 2063520, 45448, 5634916, 8, 181864, 27608, 12, 8, 8, 137060, 8, 712, 8, 4, 8, 115448, 215932, 
      657916, 12, 924, 16, 1513796, 8, 864, 8, 292092, 1228396, 743580, 471528, 1380, 8692, 7099108, 3175892, 204664, 9596744, 
      12, 896904, 12, 185236, 665872, 12, 8, 118952, 391140, 16, 76772, 353844, 4, 17828, 12, 12, 963700, 12, 61588, 20, 802456, 
      150200, 12, 1488, 623916, 684764, 3782580, 146016, 12, 161020, 8838224, 143876, 762820, 8, 8, 4628, 64668, 8, 10560, 12 ], 
  [ 2/25, 0, 20664314/25 ] ]